1000
1984
629 230
471 970
366 582
876 237
249 938
933 804
490 183
920 85
865 859
577 788
750 703
985 674
411 930
461 799
95 30
356 339
243 704
574 788
72 893
450 861
380 847
76 213
170 597
447 757
653 351
505 604
781 694
267 66
624 245
874 206
783 84
12 736
951 221
369 258
52 614
932 691
388 237
245 536
203 619
789 48
736 153
757 487
446 428
488 696
995 267
46 667
595 774
308 492
687 298
151 148
334 235
126 690
149 6
119 565
43 797
666 516
82 694
104 49
687 517
761 517
810 751
425 27
428 497
808 697
276 327
215 697
780 520
131 933
149 108
982 938
674 19
116 87
164 960
569 49
581 762
758 67
341 314
230 110
480 374
727 322
445 180
724 107
937 66
656 9
96 610
89 158
553 177
695 314
132 623
845 314
441 778
464 206
746 771
752 143
421 172
654 983
202 797
920 199
722 479
48 359
135 627
296 894
734 848
430 758
938 488
430 83
624 575
260 528
887 9
916 708
856 952
270 351
646 854
959 690
174 404
793 632
892 50
555 979
906 702
573 723
371 266
700 65
129 105
844 404
806 488
421 663
544 719
739 607
874 234
103 682
15 314
87 589
570 474
8 54
765 415
712 735
911 901
593 902
802 948
670 745
713 702
983 341
452 825
476 266
956 32
543 719
195 656
578 614
63 549
127 464
551 585
759 757
137 679
849 434
365 92
812 622
142 930
754 142
273 245
214 965
269 780
647 38
322 542
854 298
598 635
95 930
80 490
329 395
390 237
160 453
374 686
459 949
23 87
152 370
666 779
492 183
971 358
333 412
932 279
868 326
855 889
453 2
478 507
335 456
585 289
918 364
404 757
642 57
664 528
817 991
755 404
598 844
623 749
661 959
559 453
378 910
173 550
615 777
477 388
941 996
192 487
844 199
937 347
541 859
573 384
187 771
171 463
21 525
446 281
298 797
719 645
595 50
14 639
416 683
58 202
264 487
368 691
579 160
12 116
896 488
495 756
734 409
646 517
550 766
375 821
142 587
869 638
90 708
749 230
808 889
999 518
878 240
566 524
317 533
304 754
922 696
107 910
736 601
480 584
174 613
775 967
621 596
772 643
379 269
916 160
823 899
176 910
18 736
774 84
627 351
160 540
543 679
172 160
966 167
685 261
166 206
614 433
514 487
35 766
141 599
628 935
202 339
977 103
738 751
107 391
173 733
551 610
43 359
52 464
822 213
290 613
924 429
971 863
788 455
916 167
98 875
196 620
810 318
60 742
107 142
332 689
497 938
205 308
832 211
839 257
838 401
121 852
54 488
722 277
75 90
652 328
897 2
918 464
170 147
848 218
959 740
599 930
329 58
635 404
70 740
456 979
74 220
126 761
667 359
355 300
924 253
712 434
462 957
2 359
833 690
926 314
6 857
289 154
669 464
156 960
381 83
84 180
833 9
737 177
383 133
170 377
171 390
129 284
372 632
13 824
160 270
217 147
865 96
444 240
902 524
756 919
343 402
708 488
499 479
261 426
777 742
717 915
557 214
692 79
73 774
989 70
169 433
195 276
855 934
47 278
127 557
28 910
908 774
171 524
195 906
101 990
670 151
534 17
734 322
902 354
489 464
196 884
558 15
188 707
471 131
259 126
186 617
588 462
652 587
909 604
13 305
826 988
536 568
105 782
560 589
121 625
714 284
500 870
672 777
545 302
791 542
598 587
954 871
286 276
196 833
643 89
465 975
745 601
37 727
484 728
163 353
772 151
259 909
690 905
562 803
560 905
257 757
200 53
258 351
488 846
551 675
836 822
831 732
162 508
943 47
645 540
434 623
295 534
545 847
369 757
796 169
399 145
345 20
677 939
289 844
560 690
289 657
211 85
795 690
412 693
30 354
571 919
100 745
406 687
132 440
728 963
380 662
688 498
111 902
246 768
758 761
121 893
949 745
860 574
768 151
59 766
424 930
472 380
690 871
839 545
58 682
331 485
543 905
969 159
552 380
816 225
264 861
439 212
79 946
201 703
249 872
982 488
234 601
573 412
362 77
924 308
827 154
647 856
467 313
339 147
501 552
671 336
91 981
444 410
185 998
805 694
272 394
183 456
449 724
92 116
817 247
752 959
920 84
856 595
455 547
149 653
627 718
352 181
241 609
389 743
463 742
979 761
211 89
916 589
77 276
15 359
920 627
990 53
89 302
875 965
973 517
998 144
768 645
295 136
34 686
659 546
368 744
75 599
54 905
289 916
463 625
937 605
664 148
461 238
371 864
67 166
553 441
941 258
645 797
316 338
257 582
134 361
470 146
885 715
899 83
224 232
133 487
75 529
495 194
524 48
534 739
229 797
412 219
834 910
830 145
76 951
657 48
959 53
54 153
47 212
323 693
849 120
799 888
259 952
502 986
237 192
239 852
67 337
117 690
762 928
950 649
86 29
227 979
804 561
826 540
75 855
414 487
186 47
633 226
398 862
797 359
101 948
727 51
29 201
882 111
295 793
774 589
643 592
734 116
476 77
141 183
99 630
673 193
360 246
837 176
315 455
539 754
966 146
406 402
914 92
214 909
16 343
409 345
817 119
906 121
116 263
114 652
5 290
964 352
297 531
437 540
611 854
680 751
204 619
316 975
730 67
274 540
514 806
342 967
149 601
963 42
424 687
959 986
226 719
613 156
571 804
551 373
97 639
707 353
121 77
130 319
166 649
567 535
350 909
342 371
918 408
196 390
466 761
178 66
705 575
12 751
72 341
808 485
450 577
865 644
569 79
75 424
140 720
379 167
247 270
357 806
34 66
6 767
662 166
999 391
590 619
108 2
75 414
4 851
574 601
651 690
743 750
9 694
252 370
485 266
797 888
526 168
0 963
556 133
697 679
967 23
421 698
706 919
967 909
936 106
32 485
920 792
512 270
662 212
457 759
492 736
78 323
975 107
983 466
324 908
724 12
805 93
535 181
601 453
748 788
409 467
957 148
510 433
0 194
555 231
701 535
933 288
167 382
157 664
914 479
71 557
12 137
536 358
723 194
921 837
221 627
27 640
82 225
588 941
237 905
455 703
527 769
393 986
429 852
805 389
382 126
813 153
815 320
874 903
466 53
507 356
412 845
78 518
703 254
4 616
475 735
852 116
953 696
428 727
526 158
689 110
875 713
966 414
778 766
720 852
385 73
68 668
66 237
13 720
238 116
38 564
662 270
725 43
891 318
924 127
306 284
671 963
509 229
675 129
308 142
53 43
273 880
287 172
487 87
751 148
801 641
476 903
882 74
361 652
55 54
407 218
784 189
717 942
982 816
249 261
385 151
720 167
922 189
258 662
158 808
771 888
818 523
540 725
150 286
659 430
133 540
271 687
376 453
726 239
799 679
157 190
793 36
858 413
471 77
10 552
263 587
155 314
536 492
44 22
456 43
326 351
496 684
966 32
350 77
86 129
721 382
351 298
561 888
134 750
842 727
127 172
410 746
405 492
31 973
205 254
118 143
539 92
254 797
497 773
885 107
271 589
335 686
690 351
582 561
834 460
737 905
79 339
263 110
441 568
493 361
832 625
447 512
82 70
714 774
382 87
105 172
911 845
991 190
900 485
272 311
203 874
315 630
423 106
883 479
494 410
29 159
354 254
817 481
99 783
683 638
539 360
760 387
931 601
698 778
673 547
9 214
180 466
235 349
56 456
387 369
440 300
328 142
198 158
286 774
893 902
52 404
98 360
195 627
289 900
38 719
526 540
89 899
891 710
336 8
985 244
847 854
213 199
613 175
481 102
714 463
287 941
257 391
541 946
440 306
226 510
537 275
561 799
308 626
999 339
576 592
132 967
303 263
563 388
53 359
307 390
483 79
741 930
998 268
152 378
28 84
19 689
533 111
243 289
466 846
294 68
256 20
164 345
834 759
535 561
848 666
9 225
499 267
926 252
5 451
693 270
313 314
792 930
538 667
417 889
855 953
44 903
504 445
505 485
697 587
397 863
911 577
859 300
492 166
313 153
134 127
585 965
120 664
638 112
608 952
733 382
416 235
377 916
150 610
975 382
416 871
582 206
557 116
896 626
639 840
906 383
193 50
895 743
191 325
172 627
505 587
803 905
564 359
714 50
705 673
765 148
417 916
497 466
770 253
423 760
178 137
608 682
923 9
885 976
883 697
617 742
263 270
983 640
111 221
877 561
924 987
218 110
170 382
118 109
380 377
147 298
749 221
198 182
724 306
953 564
356 627
796 582
931 505
123 230
837 166
916 456
431 261
66 115
363 588
150 158
999 266
609 491
620 358
394 485
414 325
309 465
436 123
128 214
300 302
498 582
317 263
305 740
558 739
38 999
302 697
230 718
563 859
622 230
123 388
611 278
177 115
261 167
144 799
496 901
146 354
224 976
120 721
312 567
120 656
505 276
525 327
300 698
410 110
496 357
594 18
537 511
492 903
776 25
680 215
40 815
115 270
553 732
995 328
967 806
779 608
613 77
392 455
857 71
63 864
875 589
419 919
218 143
147 2
249 562
307 238
50 376
551 770
147 690
357 155
364 916
537 48
987 83
451 7
45 377
191 713
536 959
1 582
972 557
840 696
232 172
429 426
219 348
26 504
360 777
231 756
460 525
357 949
464 79
541 402
639 17
148 766
873 771
923 396
622 910
709 429
299 286
748 175
549 601
782 566
207 251
20 263
255 50
158 973
421 274
175 622
979 965
336 464
403 88
473 543
412 213
729 574
34 689
854 889
441 736
922 457
495 313
3 550
545 952
781 852
727 160
937 732
135 742
399 798
750 314
969 126
486 259
661 597
101 527
542 166
906 697
210 308
607 797
514 328
621 977
138 402
923 818
15 846
408 18
711 909
487 254
384 930
229 640
323 702
123 219
996 20
739 601
723 101
311 806
964 469
103 270
67 70
860 128
767 104
613 561
231 167
184 832
795 946
26 616
555 10
638 376
676 455
123 888
231 298
982 957
25 87
794 202
667 596
225 797
362 225
654 803
968 241
408 670
226 718
257 278
561 690
723 123
860 577
315 757
47 456
191 388
346 561
753 468
234 9
37 931
410 278
622 145
154 951
317 241
655 213
528 270
325 2
541 615
513 159
390 719
500 107
78 566
909 117
747 145
531 255
762 757
193 910
628 172
670 468
431 930
717 711
427 542
158 725
891 691
339 453
87 905
10 462
963 760
650 186
339 740
237 257
702 77
622 158
323 682
487 761
854 645
106 332
72 566
472 560
778 682
732 489
812 424
339 83
566 560
292 30
383 348
228 808
650 488
412 48
701 319
911 301
338 108
301 325
328 391
947 453
578 516
48 888
373 155
129 657
663 213
697 466
707 477
245 597
2 225
988 601
860 2
239 592
60 53
895 145
519 495
609 544
166 51
318 382
505 2
885 922
199 761
862 159
954 690
0 940
664 863
96 828
960 751
142 782
666 220
680 579
747 782
85 160
579 15
624 554
483 106
226 505
534 974
864 986
898 792
299 533
153 487
8 719
341 298
827 155
3 267
77 382
824 202
573 350
89 558
388 214
975 664
848 47
665 163
949 690
219 485
467 746
749 199
868 529
409 153
650 841
229 739
401 791
722 106
239 280
879 671
419 899
253 2
942 332
806 930
496 409
800 871
708 599
580 877
318 354
848 245
742 861
919 999
845 511
656 453
333 851
96 127
260 961
969 926
651 39
436 771
382 761
44 148
323 816
951 455
365 630
315 604
451 745
255 864
831 961
326 441
55 315
985 892
572 961
989 535
725 888
80 822
352 468
99 402
768 880
750 627
724 675
298 888
42 847
772 319
494 837
850 655
529 210
148 761
920 833
94 393
835 73
337 133
232 824
781 153
184 42
763 727
479 404
761 986
575 470
694 888
264 148
925 315
586 802
951 116
240 60
726 412
6 901
710 725
739 761
168 561
0 606
178 910
470 957
532 641
913 234
596 78
51 276
853 347
198 304
449 462
963 234
946 115
446 816
423 38
989 71
882 229
210 474
468 804
999 854
729 766
321 239
854 560
342 877
705 322
790 210
901 683
665 771
422 511
124 269
826 662
129 587
800 538
567 518
597 889
396 625
38 627
491 350
784 593
870 641
246 324
658 8
615 537
935 959
639 694
291 58
612 784
979 871
557 455
422 575
913 245
5 798
777 49
89 783
496 502
251 83
812 193
662 225
820 646
549 339
767 66
944 38
186 844
912 820
886 687
668 337
362 334
85 388
245 230
137 456
710 87
428 164
58 967
386 727
354 703
425 133
769 851
380 54
57 168
150 540
280 67
370 694
373 359
338 750
380 464
365 142
438 938
443 552
609 960
723 565
997 954
537 611
729 215
533 759
151 902
451 243
256 742
942 959
133 589
88 702
201 718
962 189
288 46
308 2
470 746
656 561
395 689
220 759
893 607
168 170
775 627
591 304
906 341
249 236
558 206
721 577
32 169
368 963
762 949
476 560
403 500
127 353
989 358
987 599
539 475
625 662
93 70
470 20
97 252
618 863
286 909
130 605
945 676
500 205
904 259
972 892
86 672
564 697
512 89
84 476
122 516
154 551
816 682
140 754
633 699
294 495
166 861
82 35
835 558
649 954
948 709
624 785
936 463
269 224
547 43
82 38
512 370
543 592
368 345
366 202
987 112
220 128
974 168
944 243
325 847
878 600
894 225
789 909
979 566
69 504
198 534
763 289
957 340
422 64
551 948
735 323
76 822
875 361
725 359
190 308
578 396
795 382
655 597
545 971
345 469
949 51
258 718
894 287
155 797
272 682
687 797
211 789
954 48
434 79
118 443
867 992
600 348
246 160
25 455
18 781
350 313
343 905
990 115
175 17
134 989
273 791
926 53
836 160
568 645
899 946
417 963
46 180
111 592
751 965
737 24
589 888
103 359
340 599
761 254
33 261
349 57
431 850
551 743
31 327
575 969
74 719
279 112
201 691
523 350
831 71
712 391
955 320
928 679
447 569
271 608
69 617
409 383
96 558
210 78
338 618
68 349
6 180
771 105
357 696
289 689
263 115
109 117
505 696
609 56
896 229
563 115
66 464
877 954
52 270
234 775
793 719
825 853
895 745
597 560
280 822
823 129
686 746
436 281
305 497
843 942
11 474
344 314
679 540
287 874
276 710
7 537
163 48
669 556
539 237
50 313
853 761
470 350
769 910
745 87
196 515
87 327
214 710
126 2
925 202
277 934
464 350
452 145
525 421
0 818
219 916
500 460
169 404
0 151
701 411
294 45
522 892
970 66
998 0
795 167
788 48
976 252
168 694
883 855
204 276
641 53
938 147
565 893
372 510
478 200
517 888
87 53
446 314
784 710
168 22
363 789
559 522
540 43
596 485
985 178
518 382
228 855
611 846
648 251
654 718
768 112
138 864
659 581
550 487
391 276
796 888
178 604
753 757
682 854
689 350
810 518
237 816
307 38
712 393
644 693
13 93
480 168
911 696
921 954
715 468
519 925
155 225
24 804
469 51
548 981
296 475
559 359
566 254
321 516
709 762
603 565
999 51
487 314
165 127
203 740
482 574
638 266
438 577
209 592
352 228
291 267
692 938
123 89
836 877
391 51
159 339
919 888
220 396
362 563
829 338
693 560
798 257
438 361
876 234
422 17
662 902
66 550
791 678
629 595
286 12
462 453
681 767
452 550
357 597
470 156
736 133
63 181
57 899
938 505
85 719
425 90
84 112
765 121
156 142
32 684
312 105
941 159
942 515
942 806
342 128
625 747
856 183
71 703
571 348
64 367
535 740
584 258
87 761
543 302
388 87
142 954
538 937
986 43
315 960
630 377
280 676
28 751
512 569
97 412
858 49
724 127
304 698
638 511
144 694
15 87
711 483
66 43
285 434
714 701
854 77
451 91
633 928
404 155
594 492
708 376
104 135
744 896
805 126
775 597
11 856
338 410
265 993
728 502
225 359
9 604
589 359
722 9
614 51
934 560
531 606
978 384
192 645
908 23
189 645
783 808
258 78
83 382
706 652
777 903
578 542
65 923
147 540
516 485
971 263
827 901
137 627
662 645
570 434
443 935
688 160
911 93
935 23
27 154
467 50
378 719
587 298
354 466
371 599
318 946
284 746
774 954
839 474
121 341
598 601
80 360
721 693
883 225
780 557
478 496
113 178
863 632
821 781
431 487
289 599
34 524
69 328
836 730
574 589
710 327
530 566
751 402
154 22
855 20
27 897
730 78
769 789
917 619
0 791
513 289
899 115
402 605
443 592
415 159
15 476
573 428
365 373
8 578
116 597
706 735
947 72
58 874
467 482
750 782
485 871
963 461
322 491
278 547
339 266
960 604
281 657
185 121
922 68
805 511
969 263
976 48
396 176
525 166
589 797
168 987
121 476
190 44
266 986
196 691
465 977
929 627
301 934
687 679
662 750
947 447
442 952
370 781
543 270
789 181
950 434
312 453
510 693
87 540
777 908
29 435
714 304
38 254
994 505
116 540
414 370
766 690
745 905
76 199
621 631
295 54
720 632
105 212
788 905
522 25
196 648
619 524
728 640
227 559
870 339
231 540
463 212
371 158
439 274
650 195
129 67
161 953
388 953
45 470
91 933
911 609
27 926
803 231
591 676
237 323
660 440
657 251
243 641
554 706
352 565
222 694
279 453
439 735
51 181
626 587
329 877
132 495
157 577
133 909
134 54
169 569
391 382
294 816
44 353
555 112
478 100
866 353
571 263
930 351
583 369
425 153
320 371
76 597
376 298
743 49
708 160
968 668
74 279
98 731
935 354
314 761
749 999
711 126
636 330
318 577
532 39
855 278
288 285
640 846
583 508
775 348
698 861
523 476
638 206
964 648
525 257
471 352
890 702
336 178
57 816
451 159
650 649
270 487
512 535
213 604
978 666
59 804
452 937
575 235
822 587
872 445
167 564
888 359
532 708
287 926
151 799
500 930
237 53
110 589
387 341
692 461
886 112
565 231
526 935
937 300