1000
1990
615 908
711 579
207 619
656 856
458 34
144 584
162 809
735 91
2 83
79 719
165 102
147 828
227 375
913 542
66 941
549 720
508 905
115 984
880 103
488 926
97 146
683 47
454 401
897 176
399 69
746 703
815 257
492 292
178 947
404 577
698 462
719 579
267 427
578 616
486 301
208 694
705 552
889 248
938 178
566 781
750 524
19 979
33 711
556 588
579 249
702 483
822 936
104 857
776 366
578 253
584 232
623 525
556 600
379 119
643 755
286 586
39 840
55 327
987 734
409 252
951 160
691 118
47 811
275 755
541 13
836 522
193 877
330 857
714 708
354 274
838 512
953 427
417 891
463 831
819 809
643 126
699 622
418 552
176 450
15 624
700 504
897 994
806 267
688 876
115 167
156 665
92 149
894 496
216 52
57 561
978 863
340 352
519 779
503 913
317 828
241 65
265 684
182 456
516 723
1 684
927 753
785 863
780 719
849 734
435 727
481 828
183 246
670 291
336 285
941 91
366 257
815 855
478 577
977 500
447 424
116 355
415 575
360 151
865 263
394 301
555 315
764 369
256 44
872 238
563 38
142 143
17 328
962 396
970 647
66 756
537 295
438 647
935 751
803 183
260 103
487 905
503 437
100 618
359 719
714 461
440 787
309 534
224 419
908 385
646 100
299 220
704 753
223 73
395 339
60 267
257 299
950 492
522 419
800 73
364 185
215 781
62 260
275 422
17 397
883 620
419 723
193 657
112 396
943 848
601 848
674 260
400 773
628 715
784 963
877 438
410 404
591 767
453 504
706 353
521 901
582 512
724 935
683 347
833 846
707 177
422 966
642 682
745 737
41 739
451 204
210 848
409 145
929 498
584 842
831 254
51 305
45 975
564 138
73 393
809 845
505 788
427 512
20 528
653 866
367 533
213 638
531 172
631 797
861 619
516 237
778 590
805 355
960 814
926 6
792 945
619 228
722 638
643 827
343 633
646 406
529 791
0 218
815 408
215 950
589 658
466 47
138 170
452 282
355 228
50 498
213 647
40 86
960 535
382 83
512 292
87 461
52 30
174 846
359 891
17 991
531 553
128 512
839 265
596 419
790 140
374 245
660 302
283 253
495 257
657 863
717 919
185 950
8 574
439 73
720 419
812 637
656 691
43 802
209 719
203 924
406 551
585 825
501 788
655 231
805 184
922 891
425 525
262 121
849 891
51 501
696 244
423 410
899 367
361 483
591 95
969 708
325 848
560 979
827 750
572 260
261 419
231 292
488 396
480 551
274 590
101 327
254 901
941 330
107 296
59 589
27 52
46 656
193 176
286 237
696 962
606 341
205 807
143 10
527 572
312 596
742 231
655 535
247 831
410 970
813 83
893 811
763 312
668 495
950 963
615 1
750 248
131 328
242 30
201 128
129 32
122 785
859 755
793 483
391 218
590 845
309 789
897 508
913 942
125 320
898 644
814 875
708 628
974 438
568 449
563 318
464 501
942 14
23 657
354 898
467 331
852 176
233 981
454 907
955 918
372 292
334 957
655 260
458 126
702 533
699 168
727 936
362 787
914 706
787 769
644 109
49 21
118 419
322 372
888 845
101 378
365 11
172 840
699 85
400 815
22 95
679 878
687 140
35 44
23 988
845 963
671 264
571 752
658 814
714 909
301 103
433 919
119 403
786 647
928 48
75 927
994 26
481 692
131 177
27 997
103 292
875 103
112 708
150 581
387 298
661 888
159 433
529 878
394 318
484 449
566 134
371 759
777 341
223 883
525 880
117 364
589 966
304 169
628 16
991 292
412 993
304 948
698 916
309 32
561 911
307 712
368 142
22 779
137 249
300 989
347 152
966 756
418 877
834 201
477 969
26 626
325 230
811 880
587 592
33 237
514 610
432 690
226 583
651 755
623 433
90 753
984 656
988 13
483 11
689 928
687 638
312 626
866 229
906 779
20 507
390 6
831 586
248 963
19 154
652 590
178 982
948 358
251 552
337 165
202 459
870 916
350 147
530 880
345 109
815 738
628 109
942 843
596 365
503 664
571 549
981 549
510 876
414 292
840 253
246 320
340 921
461 932
51 898
983 479
829 470
306 492
337 423
549 260
466 667
130 669
401 220
90 516
961 496
182 891
827 382
398 140
866 178
425 123
42 358
58 737
625 655
546 348
632 988
312 449
449 91
343 662
151 391
406 921
32 589
308 876
956 159
9 284
733 131
351 932
100 625
805 244
867 876
571 730
237 118
961 934
426 260
963 492
247 547
581 79
720 292
319 118
709 236
956 243
708 291
357 960
927 831
632 374
918 658
430 140
140 844
381 995
286 619
327 485
632 675
76 778
849 483
608 631
162 950
791 35
463 719
594 370
186 179
177 317
162 901
600 849
886 490
654 634
559 515
618 969
488 638
211 355
730 286
426 723
236 975
478 578
657 711
938 443
771 26
269 512
877 325
59 815
193 772
589 762
75 550
180 846
962 162
631 343
694 474
510 332
527 61
160 213
530 318
916 969
322 953
930 542
620 459
204 38
374 599
151 902
539 590
480 231
599 658
625 616
561 778
654 264
84 112
468 213
482 828
978 65
362 799
722 919
751 974
534 57
716 60
397 901
550 276
867 264
944 125
308 255
874 311
624 950
127 963
828 848
975 750
588 855
723 220
60 380
400 354
761 744
641 538
792 74
702 933
490 83
6 264
686 2
435 338
160 737
694 152
167 449
80 479
32 932
649 985
925 375
646 448
308 463
413 805
998 16
178 405
584 905
304 672
188 767
778 69
491 823
206 647
51 911
451 779
70 33
913 855
415 552
442 723
101 519
873 333
132 629
807 535
296 152
972 551
362 716
533 245
513 840
8 984
824 112
718 188
483 249
918 960
773 504
504 248
577 911
259 652
159 131
625 443
398 192
949 60
116 514
189 432
826 747
89 228
574 656
196 993
359 442
679 655
532 438
685 650
719 83
826 551
517 97
241 282
804 537
32 939
16 213
880 638
326 832
876 372
872 586
171 380
506 261
297 13
982 756
962 880
573 683
165 210
159 840
634 895
521 506
230 345
565 723
834 853
434 12
982 278
640 390
65 427
305 605
237 577
663 530
727 753
470 234
945 525
296 947
776 633
845 292
896 578
917 811
192 320
91 788
392 109
663 353
524 109
948 579
171 755
62 863
294 137
449 946
326 19
195 639
1 938
613 410
333 468
845 492
560 561
798 389
187 162
733 6
285 982
970 954
585 706
764 179
474 590
827 704
564 131
89 231
317 16
346 541
67 549
370 34
931 907
224 253
518 489
612 569
239 215
408 562
236 624
242 319
56 188
892 284
152 345
0 755
692 224
966 123
485 979
966 876
73 564
654 354
154 176
403 756
331 267
334 865
756 492
330 553
241 436
629 162
518 778
1 610
97 99
981 421
903 21
270 916
54 422
838 782
679 397
75 796
817 271
589 260
620 36
672 831
721 727
494 983
573 408
461 11
895 36
837 627
604 599
171 533
427 911
837 669
473 54
919 442
480 983
490 89
321 19
557 407
565 138
952 704
693 77
568 620
600 418
383 532
157 39
803 623
115 396
972 512
193 51
465 14
138 224
799 396
930 687
851 638
941 624
289 618
113 257
897 560
753 513
691 715
670 225
831 605
803 341
178 118
493 366
751 778
446 244
996 443
978 754
397 501
334 264
880 492
601 504
773 876
203 586
229 427
646 358
736 453
105 267
302 552
623 809
3 312
799 490
692 734
194 278
926 228
765 238
116 749
623 245
501 808
723 260
493 513
567 524
454 473
65 254
534 170
238 203
652 599
607 922
603 655
60 988
44 291
374 210
544 626
36 16
517 426
175 891
550 112
870 935
574 842
154 917
142 944
833 921
234 103
511 564
44 68
396 739
711 89
4 108
567 911
75 565
551 292
924 241
411 419
626 345
498 756
907 90
958 756
636 982
899 152
682 990
851 522
477 848
709 801
3 165
729 879
876 750
623 328
6 849
916 921
897 846
774 403
998 95
750 522
676 471
119 602
412 901
212 291
356 126
558 163
349 108
166 708
472 641
597 588
506 421
85 825
102 905
0 249
594 455
147 57
358 39
940 120
726 198
979 965
636 541
879 919
419 414
428 484
998 775
619 69
425 731
661 704
310 64
544 166
731 248
574 501
995 586
230 691
297 738
607 688
641 834
366 267
601 628
38 845
113 758
132 628
331 71
300 410
201 271
697 245
470 802
79 541
516 442
404 891
35 376
656 655
993 982
347 755
83 989
511 347
53 991
312 717
286 483
309 78
736 507
713 775
445 436
673 525
675 745
683 1
313 580
477 2
888 723
840 512
798 248
645 89
430 597
696 601
520 600
550 652
631 759
860 919
884 272
742 606
37 690
221 888
683 477
814 213
50 528
836 628
568 231
786 162
330 131
432 366
243 248
732 507
268 860
160 814
615 697
562 237
88 990
397 965
1 172
983 512
836 155
277 38
57 863
496 569
604 263
917 809
589 372
415 648
375 63
769 917
416 565
866 267
461 561
550 365
735 975
19 542
631 655
761 914
250 34
823 300
956 551
39 965
232 83
127 939
788 103
623 380
676 866
495 840
381 213
489 91
209 84
630 743
246 163
343 519
878 869
608 986
424 442
97 606
179 524
142 108
680 89
120 840
941 299
309 345
709 547
430 537
245 855
378 857
89 483
310 569
670 252
686 71
407 317
472 301
63 628
318 48
853 128
84 898
151 97
910 493
206 924
819 535
922 264
479 403
757 355
199 738
534 501
385 213
676 384
625 33
383 669
515 957
510 298
844 708
765 339
27 778
808 403
21 778
326 939
173 257
70 997
968 696
707 331
124 627
586 483
493 933
173 599
56 282
164 463
853 407
600 856
9 767
657 419
547 940
958 146
4 709
722 717
59 286
553 778
16 880
19 590
537 656
900 561
970 260
866 519
464 939
766 597
525 365
52 89
650 623
853 48
137 589
876 922
383 354
604 459
492 524
993 265
248 68
69 109
32 934
628 950
981 739
370 230
778 691
525 717
279 466
395 782
250 778
813 820
240 249
708 638
901 524
278 438
216 391
628 590
200 322
126 452
720 442
24 681
875 109
219 911
800 540
646 355
344 501
24 974
588 13
883 597
293 160
428 602
204 848
260 292
691 788
726 457
956 148
409 817
554 203
107 38
635 2
494 84
228 213
927 492
922 848
930 419
723 414
954 496
782 176
755 891
934 957
961 946
364 58
216 797
315 953
670 571
314 806
868 791
665 842
311 562
187 534
585 153
197 160
924 851
338 641
93 346
432 405
921 819
592 648
374 345
890 752
300 633
79 540
133 780
583 805
687 712
322 255
774 462
915 866
421 589
599 57
699 846
460 118
828 809
960 374
843 36
714 194
800 315
68 809
683 73
66 78
377 887
405 586
3 251
754 819
907 626
875 292
108 436
619 38
655 512
588 260
379 445
972 286
317 109
671 569
214 713
957 722
662 655
383 310
367 335
669 666
487 91
118 69
216 846
295 586
455 825
334 658
222 727
966 919
960 856
347 590
141 982
281 620
123 809
742 894
281 734
498 616
221 577
58 504
813 457
850 205
996 786
944 132
227 123
477 840
991 380
294 745
563 555
795 470
718 564
845 260
647 103
452 848
693 577
601 605
987 919
74 627
673 48
800 343
967 657
329 973
43 179
522 492
641 422
297 221
510 524
786 292
984 552
607 427
569 355
543 828
985 739
711 637
348 577
137 609
981 908
138 983
908 12
997 95
388 917
719 609
448 439
501 2
957 811
328 257
766 518
848 512
831 922
981 846
465 194
591 254
459 261
993 605
90 911
236 533
233 520
160 376
148 816
488 436
267 442
252 285
225 640
390 907
474 492
760 83
415 729
252 869
412 963
41 176
403 619
87 660
297 483
284 626
8 104
665 840
400 35
496 502
216 265
910 334
908 474
942 891
969 551
353 720
821 271
598 675
500 506
797 347
312 590
348 927
187 535
172 0
272 797
379 284
815 991
573 996
661 943
174 490
941 138
518 376
717 723
50 507
195 963
531 717
492 260
725 264
61 543
928 286
115 291
590 691
561 213
169 993
441 296
315 63
922 691
253 540
919 103
306 200
829 248
489 789
357 404
632 185
595 751
833 325
691 71
223 108
697 916
18 7
320 11
316 372
817 734
31 588
19 333
51 422
759 957
820 269
75 959
23 660
465 72
432 451
268 814
484 589
795 762
415 92
747 586
5 286
337 253
717 880
600 730
795 379
792 254
618 2
600 361
938 840
337 516
897 891
534 62
927 951
408 842
545 964
396 831
730 298
570 560
189 459
145 218
992 434
414 524
818 667
588 504
755 644
315 750
232 748
428 51
385 723
870 794
628 254
644 419
288 960
555 349
876 540
932 128
49 863
595 786
724 126
760 848
757 202
453 381
45 128
963 723
926 95
498 249
813 308
272 84
841 219
528 532
140 138
911 320
768 140
762 359
280 660
63 480
784 994
468 831
893 845
879 274
109 260
65 474
73 253
41 842
415 231
249 414
826 268
112 619
57 228
17 523
746 34
327 46
996 907
996 41
830 170
539 980
582 551
126 12
841 191
189 609
682 723
647 414
484 551
509 811
387 906
156 876
791 950
214 607
756 911
264 720
203 951
911 512
530 720
364 537
840 261
974 537
415 588
210 994
995 828
646 247
750 875
551 524
734 788
271 579
442 809
238 660
527 353
193 332
135 951
13 637
204 162
739 108
942 711
344 292
511 160
435 843
625 186
358 57
82 876
998 320
395 264
465 353
254 492
874 737
219 896
619 109
947 204
775 886
219 96
156 36
374 945
666 361
601 886
98 298
536 910
771 750
336 33
144 423
977 876
842 755
287 241
438 231
915 36
128 893
367 462
99 401
704 905
99 165
517 832
531 605
766 790
503 599
723 292
392 83
296 984
398 761
258 757
768 179
883 175
69 848
522 579
74 459
2 840
150 19
829 933
738 90
996 256
346 861
284 722
52 57
884 446
325 778
852 284
121 744
777 875
81 644
522 249
209 56
675 462
327 159
990 722
514 27
475 210
3 857
440 686
522 291
797 508
55 509
729 284
740 934
201 424
690 946
571 720
173 123
56 245
332 979
974 41
778 213
231 492
700 178
297 445
106 412
449 317
420 825
108 840
946 442
162 228
124 62
535 540
775 921
883 251
526 703
880 254
380 989
462 782
996 876
919 414
764 250
57 83
67 605
603 552
253 436
844 345
157 789
864 512
409 256
464 490
273 994
786 734
84 293
397 166
146 407
494 724
215 293
880 11
827 708
489 561
567 461
484 863
521 107
717 254
136 580
386 308
829 729
238 56
208 752
990 793
796 128
708 734
978 440
455 549
184 655
698 937
810 706
800 958
856 551
440 257
594 245
211 105
581 201
48 155
649 154
434 931
493 188
477 910
706 372
408 946
94 791
853 720
76 834
291 260
542 919
146 218
291 292
704 844
193 970
405 253
864 15
198 477
476 737
79 181
189 824
205 591
167 586
458 355
481 778
17 541
809 11
308 11
359 260
665 901
585 521
449 577
807 600
428 391
737 480
909 139
571 579
759 267
712 863
812 394
596 720
437 401
524 220
851 385
552 549
328 945
38 282
574 256
462 176
908 408
69 11
33 875
760 501
648 777
897 565
31 843
983 901
588 788
969 65
236 108
120 966
620 786
579 220
530 808
838 325
519 125
200 599
771 953
589 756
127 684
126 166
969 535
122 63
717 414
384 102
589 738
971 450
587 736
127 575
239 923
208 715
185 985
470 989
742 656
234 96
544 89
980 63
202 286
31 285
117 201
891 269
548 647
250 780
448 543
12 542
593 269
978 883
770 260
538 623
97 953
79 877
446 656
472 179
336 265
531 987
220 103
592 571
67 619
532 711
332 267
751 69
576 53
936 345
131 762
585 633
121 988
222 829
765 312
82 221
443 924
530 891
568 388
139 344
481 768
465 174
855 298
216 794
324 83
684 292
905 504
582 403
703 875
823 743
289 326
158 767
787 704
621 285
800 865
399 796
185 571
527 25
985 261
22 260
191 584
689 261
779 228
334 91
886 891
704 908
535 734
11 512
308 115
111 982
613 703
85 657
143 359
549 691
147 666
410 898
614 130
360 68
896 754
939 590
999 732
383 758
557 535
934 213
940 649
706 162
839 878
461 71
874 759
708 965
336 732
747 880
933 84
831 380
33 722
102 275
2 898
86 808
603 291
496 328
520 619
251 860
226 998
375 291
597 145
8 171
586 91
357 165
403 38
445 155
578 798
49 41
745 582
269 875
899 393
627 401
456 213
568 198
689 388
395 845
250 278
685 704
594 994
5 756
766 531
448 46
145 637
242 801
894 347
157 278
817 901
775 533
704 335
200 857
937 995
712 535
229 577
948 336
171 37
247 98
296 878
705 315
144 222
828 911
714 996
943 385
835 330
254 103
196 241
580 12
596 442
489 328
793 345
688 131
759 633
618 112
509 825
902 170
177 442
106 241
112 2
129 771
903 292
224 719
156 926
991 723
568 318
306 194
231 720
941 302
971 876
101 52
383 91
924 284
745 878
500 660
208 155
800 317
247 853
670 118
368 640
830 243
594 901
295 96
627 526
657 629
715 320
591 743
537 921
848 492
698 56
840 848
138 811
506 206
787 318
288 880
363 590
722 260
160 857
485 583
22 701
400 248
264 260
386 120
458 41
327 483
167 11
864 317
175 241
696 815
324 276
108 380
842 16
971 344
978 124
96 184
855 586
429 309
378 355
578 898
752 11
637 722
856 249
18 73
886 231
767 719
861 105
556 903
575 254
786 945
931 176
267 109
85 911
574 828
111 609
339 798
882 616
14 939
155 404
842 995
954 230
459 647
682 816
965 230
597 771
784 909
946 118
751 241
826 489
570 530
46 552
219 922
296 525
462 407
466 981
430 186
282 845
326 91
636 330
156 717
58 376
25 610
230 237
376 562
757 663
968 439
557 332
301 131
711 109
315 389
739 312
